place(-1.283, 0.970, 12.301, "Assassin", 200)
upgrade(-1.283, 2.320, 12.301, 250)
upgrade(-1.283, 2.320, 12.301, 1000)
upgrade(-1.283, 2.320, 12.301, 2750)
place(8.255, 0.970, 11.283, "Accelerator", 4500)
upgrade(8.255, 2.320, 11.283, 1000)
upgrade(8.255, 2.320, 11.283, 2500)
upgrade(8.255, 2.320, 11.283, 4750)
place(10.368, 0.970, -2.654, "Engineer", 600)
upgrade(10.368, 2.322, -2.654, 350)
upgrade(10.368, 2.322, -2.654, 550)
upgrade(10.368, 2.322, -2.654, 2250)
upgrade(10.368, 2.322, -2.654, 4750)
place(10.697, 0.970, -13.152, "Engineer", 600)
place(14.705, 0.970, -17.529, "Engineer", 600)
place(4.475, 0.970, -13.755, "Engineer", 600)
place(2.785, 0.970, -0.332, "Assassin", 200)
place(-21.301, 0.970, 8.009, "Military Base", 400)
place(-15.110, 0.970, -8.710, "Military Base", 400)
place(-17.406, 0.970, -26.364, "Accelerator", 4500)
place(-10.473, 0.970, -13.676, "Accelerator", 4500)
